\begin{longtable}{rrrrrrr}
\caption{Crosstabulation of responses to how easy it is for respondents to talk to their father and stepfather about things that really bother them.} \label{tab:father_stepfather_support_pivot} \\
\toprule
0 & 1 & 2 & 3 & 4 & 5 & Total \\
\midrule
\endfirsthead
\caption[]{Crosstabulation of responses to how easy it is for respondents to talk to their father and stepfather about things that really bother them.} \\
\toprule
0 & 1 & 2 & 3 & 4 & 5 & Total \\
\midrule
\endhead
\midrule
\multicolumn{7}{r}{Continued on next page} \\
\midrule
\endfoot
\bottomrule
\endlastfoot
2712 & 267 & 389 & 252 & 146 & 1487 & 5253 \\
20628 & 4954 & 2997 & 2028 & 1247 & 41923 & 73777 \\
18105 & 944 & 4816 & 3012 & 1582 & 49887 & 78346 \\
7975 & 503 & 1438 & 3269 & 1627 & 25477 & 40289 \\
3322 & 302 & 599 & 679 & 2714 & 11394 & 19010 \\
2045 & 921 & 1661 & 1087 & 1311 & 8159 & 15184 \\
54787 & 7891 & 11900 & 10327 & 8627 & 138327 & 231859 \\
\end{longtable}