\begin{longtable}{rrrrrrr}
\caption{Crosstabulation of responses to how easy it is for respondents to talk to their mother and stepmother about things that really bother them. Values represent the number of respondents selecting each pair of response categories. Responses range from 1 (Very easy) to 4 (Very difficult), reflecting increasing difficulty. The values 0 and 5 represent non-substantive responses: 0 indicates a missing response, and 5 corresponds to "Dont have or see" the person in question.} \label{tab:mother_stepmother_support_pivot} \\
\toprule
0 & 1 & 2 & 3 & 4 & 5 & Total \\
\midrule
\endfirsthead
\caption[]{Crosstabulation of responses to how easy it is for respondents to talk to their mother and stepmother about things that really bother them. Values represent the number of respondents selecting each pair of response categories. Responses range from 1 (Very easy) to 4 (Very difficult), reflecting increasing difficulty. The values 0 and 5 represent non-substantive responses: 0 indicates a missing response, and 5 corresponds to "Dont have or see" the person in question.} \\
\toprule
0 & 1 & 2 & 3 & 4 & 5 & Total \\
\midrule
\endhead
\midrule
\multicolumn{7}{r}{Continued on next page} \\
\midrule
\endfoot
\bottomrule
\endlastfoot
1749 & 188 & 226 & 149 & 69 & 902 & 3283 \\
30505 & 5116 & 3667 & 3092 & 2487 & 71032 & 115899 \\
17244 & 671 & 3755 & 2570 & 1926 & 48747 & 74913 \\
4830 & 340 & 608 & 1913 & 1107 & 15244 & 24042 \\
1728 & 181 & 250 & 217 & 1622 & 5278 & 9276 \\
712 & 368 & 358 & 200 & 203 & 2605 & 4446 \\
56768 & 6864 & 8864 & 8141 & 7414 & 143808 & 231859 \\
\end{longtable}